226360 38999
571773 170719
384607 2227
169653 564830
738043 145146
345048 456040
499343 78958
868516 674005
860850 817922
45148 560296
810996 9703
986460 175472
150555 977456
150250 499000
935006 7317
456802 68367
353555 641744
282752 39291
743646 279210
73500 429589
82512 512973
230406 200566
974948 489750
19173 8332
742241 677211
460596 145381
205562 915687
756426 432674
896598 684531
273292 70082
897705 898454
624590 612653
669291 164665
793682 864927
89148 562583
678167 408519
71411 497507
687469 456997
357642 953487
744150 231456
792434 635062
294323 537993
760809 990227
625577 628529
471091 149826
653887 456962
418158 922006
859808 447906
533110 410959
383148 53826
296784 756298
601016 377622
463457 226584
333014 316373
376943 570419
419050 45607
876736 68946
995716 455247
233219 179987
4371 356385
674998 612972
391488 380954
858087 628190
951161 471266
989862 219247
936511 68288
323708 399467
825613 226718
734183 672640
676311 869589
91112 5853
849067 314080
110761 752285
720319 388563
88525 792558
436317 787161
216839 48227
245574 86089
497443 383228
747516 282586
398463 252800
720424 366609
817270 770396
596111 584430
632973 730208
871538 557566
435726 714868
295452 843040
168127 863475
703910 845200
384405 639069
387632 287159
347576 791504
652426 518574
712736 307547
642212 790556
976653 471110
762264 600921
857567 62210
94510 276293
221951 92319
731826 79441
639421 740053
82357 665751
652126 945261
620049 693190
520051 572035
793611 290183
505826 828709
867593 377911
425607 785842
499785 110172
448881 479133
704526 716497
856593 700027
279131 348721
600613 418827
187348 245796
91364 696262
615206 579210
465876 441628
852440 257424
103371 230116
860880 424983
365621 21172
96837 898909
741036 111235
539853 17843
639182 479787
336056 740324
116766 684849
832511 422864
8054 232551
526542 479102
769240 629226
980973 859656
76528 617137
728658 313996
20779 918610
297811 35611
316384 856822
915819 338272
737833 879028
781631 982658
192142 40775
839314 574894
128186 540287
930048 379657
994109 267381
425126 375789